0
0
0
0
0
3446
7438
8071
8171
8186
4742
750
117
17
1
-3448
-7441
-8074
-8174
-8190
-4746
-754
-121
-20
-4
3445
7438
8071
8171
8186
4742
750
117
17
1
-3448
-7441
-8074
-8174
-8190
-4746
-754
-121
-20
-4
-2
-2
2787
6018
4807
1826
-777
-2255
-2490
-2527
-4914
-7674
-8111
-8180
-8191
-4746
-754
-121
-20
-4
-2
-2
2787
6018
6530
3822
604
94
13
0
-3448
-7441
-8074
-8174
-8190
-4746
-754
-121
-20
-4
3445
7438
8071
8171
8186
4742
-315
-3905
-6198
-7219
-8039
-8169
-7531
-5049
-2932
-1531
821
2259
4211
6902
7986
8157
8184
8189
8190
4743
750
117
17
1
-2
-2
-2
-2
-1067
-1236
868
3991
6209
6560
6616
6625
6626
4903
2907
1525
-825
-3986
-6210
-7221
-8040
-8169
-7531
-5049
-2932
-1531
-244
-40
-7
-2
3445
7438
8071
8171
5805
1984
-752
-2251
-2489
-2527
-2533
-2534
-4257
-6253
-6570
-3831
457
3925
6199
6559
6616
6625
6626
4903
2907
1525
240
36
-2785
-6678
-7953
-8156
-8188
8191
8190
-4747
-754
-121
2768
6673
7950
8152
7526
5045
2929
