0
0
0
0
0
3446
7438
8071
8171
8187
4743
751
118
18
2
-3447
-7441
-8074
-8173
-8189
-4745
-753
-120
-19
-4
3446
7438
8071
8171
8187
4743
751
118
18
2
-3447
-7441
-8074
-8173
-8189
-4745
-753
-120
-19
-4
0
0
2788
6019
4807
1826
-776
-2253
-2488
-2525
-4914
-7673
-8111
-8180
-8189
-4745
-753
-120
-19
-4
0
0
2788
6019
6530
3823
604
95
14
2
-3447
-7441
-8074
-8173
-8189
-4745
-753
-120
-19
-4
3446
7438
8071
8171
8187
4743
-314
-3904
-6197
-7219
-8038
-8167
-7531
-5048
-2931
-1532
822
2261
4211
6901
7985
8157
8185
8190
-8192
4745
751
118
18
2
0
0
0
0
-1065
-1235
868
3991
6209
6561
6616
6625
6625
4902
2907
1525
-824
-3985
-6210
-7219
-8039
-8169
-7531
-5048
-2931
-1531
-243
-40
-6
0
3446
7438
8071
8171
5805
1983
-752
-2249
-2488
-2525
-2532
-2532
-4256
-6252
-6568
-3830
458
3926
6199
6558
6616
6625
6625
4902
2907
1525
241
37
-2784
-6676
-7952
-8154
-8185
-8192
-8192
-4745
-753
-120
2769
6672
7951
8153
7527
5046
2930
1529
-824
-2261
-4214
